ENPWA14 ENPWA14 0.297165 -0.199483 0.268459 -0.765513 -0.331134 0.0643793 -0.00244742 0.00337255 0.00484257 -0.316202
ENPCA08 ENPCA08 0.272848 0.227954 -0.801001 0.0541691 -0.35567 0.0500437 -0.0170975 4.92521e-05 0.0118073 -0.31562
ENPBC18 ENPBC18 0.285156 -0.111065 -0.200779 -0.169353 0.858336 0.0252101 -0.00858713 0.00608993 -0.000412608 -0.316024
ENPAK29 ENPAK29 0.353388 0.703408 0.461278 0.247361 0.0118038 0.0758169 -0.00358826 -0.0206632 -0.00994388 -0.31614
ENPBC16 ENPBC16 0.346142 -0.632783 0.175903 0.565805 -0.162002 0.0487818 -0.00622595 0.000440021 0.00752467 -0.316187
GOC091 GOC091 -0.331127 0.0136977 0.0234605 0.022477 -0.00277669 0.130714 0.188537 0.856596 0.0513891 -0.316345
GOC010 GOC010 -0.16036 0.0179707 0.0284135 0.00588329 -0.0251645 -0.933076 0.00632269 -0.0401359 0.0191566 -0.31597
GOC082 GOC082 -0.356308 -0.0101587 0.0154872 0.0125534 -0.0033156 0.156951 -0.571272 -0.115251 -0.638647 -0.316851
GOC050 GOC050 -0.369039 0.000796063 0.0264031 0.0139173 0.00840412 0.195814 -0.317482 -0.265243 0.743758 -0.316514
GOC038 GOC038 -0.335753 -0.00983629 0.000839673 0.0127251 0.00132327 0.184101 0.732696 -0.424877 -0.188755 -0.316424
